45182
45184
45198
45199
45201
45204
45205
45207
45208
45210
45212
45214
45215
45217
45233
47354
47360
47394
47356
47358
47361
47380
47382
47384
47385
47386
47391
47392
47396
47398
47401
47402
47403
47404
47406
47407
47408
47554
45579
45670
45672
45695
45697
45698
45699
45700
45701
45702
45703
45706
45707
45708
45709
45710
45711
45712
45714
47381
47369
47389
47399
47556
47557
47567
47568
47574
47575
47586
47590
47592
47593
47594
47595
47596
47597
47603
47645
47672
45178
45179
45180
45181
45183
45185
45186
45187
45189
45191
45192
45193
45194
45196
45197
45234
45235
47665
47666
47624
47630
47636
47637
47639
47643
47648
47649
47650
47653
47656
47661
47662
47664
47668
47670
47671
47673
47674
47675
45678
45679
45680
45681
45682
45683
45684
45685
45686
45688
45689
45690
45691
45692
45693
45694
45696
45713
47359
47372
47350
47352
47357
47362
47363
47366
47367
47368
47371
47373
47374
47375
47376
47377
47387
47388
47390
47397
47405
45658
45659
45660
45661
45662
45663
45665
45666
45667
45668
45669
45671
45673
45674
45675
45676
45677
45704
45705
47642
47620
47621
47622
47625
47626
47628
47633
47634
47640
47644
47647
47651
47652
47654
47655
47657
47658
47667
47677
47679
45560
45571
45572
45573
45574
45576
45577
45578
45581
45582
45583
45584
45586
45587
45588
45589
48281
48282
48283
48284
48286
48287
48288
48289
48290
48291
48292
48293
48294
48295
48296
48297
48298
48299
45551
45553
45554
45555
45556
45557
45558
45559
45562
45563
45564
45565
45566
45567
45568
45569
45570
45580
48684
48300
48301
48302
48303
48304
48305
48306
48307
48308
48309
48310
48311
48312
48313
48314
48315
48316
48317
48696
48697
46065
46066
46067
46068
46069
46071
46072
46073
46074
46075
46076
46077
46078
46079
46080
46081
46082
46083
48092
48280
48105
48128
48318
48319
48320
48321
48322
48323
48324
48325
48326
48327
48328
48329
48330
48331
48332
48333
48334
48335
44734
45531
45532
45534
45535
45536
45538
45540
45541
45542
45543
45544
45545
45546
45547
45548
45550
45590
48143
48603
48661
48662
48663
48664
48665
48666
48667
48668
48669
48670
48671
48672
48673
48674
48675
48676
48677
48678
48679
48680
46047
46048
46049
46051
46052
46053
46054
46055
46056
46058
46059
46060
46061
46062
46063
46064
48599
48602
48638
48639
48640
47727
48641
48642
48643
48644
48645
48646
48647
48648
48649
48650
48651
48652
48653
48654
48655
48656
48657
48658
48659
48660
46027
46028
46029
46030
46031
46032
46033
46034
46035
46036
46037
46038
46039
46040
46041
46042
46043
46044
46045
47732
47723
47724
48553
48554
48557
48558
48559
48562
48563
48564
48565
48568
48569
48573
48577
48578
48579
48588
48589
48591
48600
45360
45364
45399
45400
45401
45402
45403
45404
45405
45406
45407
45409
45411
45412
45413
45414
45415
45416
46575
47735
48555
48556
48566
48567
48570
48571
48572
48583
48584
48585
48586
48587
48592
48593
48595
48596
48597
48598
48604
45361
45365
45380
45381
45382
45383
45384
45386
45387
45389
45390
45391
45393
45394
45395
45396
45397
45398
46553
46559
46578
47729
48097
48100
48102
48103
48106
48107
48117
48118
48119
48123
48126
48131
48137
48139
48142
48144
48145
48149
48150
48151
46541
46562
46563
46564
46565
46566
46567
46569
46570
46581
46582
46584
46585
46586
46588
46589
46591
48104
48122
46544
46552
46554
46557
46558
46560
46561
46573
46574
46576
46577
46579
46580
48093
48098
48101
48108
48110
48111
48115
48121
48124
45362
45366
45367
45368
45369
45370
45371
45372
45373
45374
45375
45376
45377
45378
45379
45388
45408
45417
45419
48114
48435
48094
48095
48096
48099
48109
48113
48116
48120
48125
48127
48129
48132
48133
48134
48136
48138
48140
48141
48146
48148
46532
46533
46534
46535
46537
46538
46542
46543
46545
46546
46547
46548
46549
46550
46556
46572
46583
48112
48130
48135
48147
48436
48438
48439
48440
48441
48442
48443
48444
48445
48446
48447
48448
48449
48450
48451
48452
48453
48454
48455
48456
44713
44714
44715
44716
44718
44719
44720
44721
44722
44723
44724
44726
44731
44733
44753
44754
48428
48458
48459
48460
48461
47751
47769
48437
48462
48463
48464
48465
48466
48467
48468
48469
48470
48471
48472
48473
48474
48475
48476
48478
48479
45739
45770
45771
45772
45773
45774
45775
45776
45777
45778
45779
45780
45781
45782
45783
45784
45785
45786
45787
47722
47725
47726
47728
47736
47738
47742
47743
47744
47747
47748
47749
47750
48480
48481
48482
48483
48484
48485
48486
48487
44717
44725
44732
44735
44736
44737
44738
44740
44741
44752
44757
44762
44764
44765
44772
47752
47770
47771
47731
47734
47740
47741
47745
47746
47753
47754
47756
47757
47761
47767
47776
47777
47778
47780
47781
47868
45750
45751
45753
45754
45755
45756
45757
45758
45759
45760
45762
45764
45766
45767
45768
46723
46727
47730
47763
47874
46679
46687
46694
46696
46702
46704
46707
46719
47733
47760
47772
47773
47774
47775
47790
47807
47839
44727
44743
44744
44746
44747
44748
44751
44758
44759
44760
44761
44763
44766
44767
44768
44771
47739
47762
47764
47766
47768
47788
46690
47789
47792
47793
47794
47795
47796
47798
47799
47800
47803
47804
47805
47811
47813
47837
47840
47841
45730
45731
45732
45733
45734
45735
45738
45740
45741
45742
45743
45744
45745
45746
45747
45748
45769
47801
47831
46672
46674
46675
46677
46684
46691
46693
46698
46699
46701
46703
46706
46711
46712
46713
46714
46715
46717
46726
47827
45084
45085
45087
45088
45089
45090
45092
45093
45094
45095
45096
45098
45099
45100
45101
45102
45103
46671
47806
47808
47815
47787
47791
47809
47814
47816
47817
47819
47821
47823
47824
47825
47826
47832
47833
47834
47836
47838
47844
47845
47846
46673
46680
46681
46682
46685
46686
46689
46692
46700
46705
46709
46710
46716
46718
46722
46725
47797
47802
47818
47835
47843
47810
47812
47820
47822
47828
47829
47830
47842
47862
47864
47867
47869
47871
47873
47899
47901
47903
47904
47905
47916
45044
45064
45065
45066
45067
45068
45071
45072
45073
45074
45075
45076
45078
45079
45080
45081
45082
46168
47861
47863
47865
47866
47875
47876
47877
47878
47882
47888
47889
47894
47895
47897
47898
47900
47909
47910
47912
47917
47918
48021
46122
46123
46124
46128
46129
46130
46133
46134
46135
46140
46141
46155
46157
46158
46163
46164
47883
47886
47915
47995
47128
47144
47164
47175
47181
47860
47880
47881
47884
47887
47891
47902
47907
47908
47913
47914
47919
45045
45047
45048
45049
45050
45052
45054
45057
45058
45059
45060
45061
45062
45083
47870
47879
47885
47896
47911
47998
46786
46787
46788
47129
47133
47135
47137
47141
47143
47148
47150
47154
47158
47161
47171
47177
46117
46121
46127
46131
46137
46144
46148
46149
46151
46153
46156
46160
46161
46162
46171
46172
47138
47993
47122
47126
47134
47136
47147
47149
47151
47152
47157
47162
47165
47167
47170
47173
47174
47178
48013
44954
44955
44956
44957
44959
44961
44964
44966
44967
44968
44969
44970
44972
44973
46136
46154
46374
47124
47139
47153
48005
46364
46779
46780
46782
46783
46784
46785
46792
46796
47130
47155
47163
47179
47994
47997
48019
48027
46118
46119
46120
46125
46126
46132
46138
46142
46146
46147
46150
46152
46159
46166
46167
46169
46173
46174
48009
48011
46741
46742
46743
46744
46746
46747
46748
46749
46751
46752
46753
46754
46781
46789
46790
46791
46793
46794
48018
44934
44937
44938
44939
44940
44941
44942
44943
44944
44945
44947
44949
44952
44953
46740
46755
46756
46757
46758
47977
46325
46347
46349
46359
46360
46361
46362
46363
46365
46366
46375
46376
46382
48022
48023
48029
48033
48034
48036
46759
46760
46764
46765
46766
46767
46768
46770
46772
46798
47638
47978
47981
48003
48010
48026
48030
48389
48390
48391
48392
48393
48394
48395
48396
48397
48398
48399
48400
48401
48402
48403
48404
48405
48406
48407
48408
44914
44915
44917
44918
44920
44921
44922
44923
44924
44925
44926
44927
44928
44929
44930
44932
44933
48386
48387
48388
48409
48366
48367
48368
48369
48370
48371
48372
48373
48374
48375
48376
48377
48378
48379
48380
48381
48382
48383
48384
48385
46328
46329
46330
46334
46336
46337
46341
46343
46344
46348
46351
46352
46357
46368
46370
46371
46380
48363
48364
48365
47550
47559
47560
47566
47570
47576
47581
47599
47600
47601
48353
48354
48355
48356
48357
48358
48359
48360
48361
48362
45188
45190
45206
45219
45221
45222
45223
45225
45226
45227
45228
45229
45230
45232
45236
45237
47353
47393
47623
47646
47355
47548
47549
47552
47558
47564
47565
47571
47572
47573
47579
47587
47598
47602
47604
47606
47607
46326
46327
46331
46332
46333
46335
46338
46340
46342
46350
46353
46354
46355
46356
46358
46372
46383
46384
47577
47351
47370
47378
47379
47383
47395
47400
47551
47555
47561
47562
47563
47578
47580
47582
47583
47585
47588
47589
47591
