44729
44739
44742
44770
44931
44946
44950
44951
44963
45046
45051
45053
45086
45195
45202
45209
45213
45231
45392
45418
45561
45575
45736
45761
46070
46165
46345
46346
46728
46745
46763
46774
46776
47627
47629
47632
47635
47641
47659
47660
47663
47669
47676
47737
47779
47890
47892
47906
47979
47980
47982
47985
47989
47990
47991
47992
47999
48000
48002
48008
48014
48016
48020
48028
48031
48276
48277
48278
48279
48285
48410
48411
48412
48429
48430
48431
48432
48433
48434
48561
48574
48575
48576
48580
48581
48582
48594
48681
48682
48683
48685
48686
48687
48688
48689
48690
48691
48692
48693
48694
48695
49408
49409
49410
49411
49412
49413
49414
49415
49416
49417
49418
49419
49420
49421
49422
49423
49424
49425
49426
49427
49428
49430
49431
49432
49433
49434
49435
49436
49437
49438
49439
49440
49441
49442
49443
49444
49445
49446
49447
49448
49449
49450
49451
49452
49453
49454
49455
49456
49457
49458
49459
49460
49724
49725
49726
49727
49728
49729
49730
49731
49732
49733
49734
49735
49736
49737
49738
49739
49740
49741
49742
49743
49744
49745
49746
49747
49748
49749
49750
49751
49753
49755
49756
49758
49759
49761
50156
50157
50158
50159
50160
50161
50165
50166
50167
50168
50169
50170
50171
50172
50174
50175
50176
50177
50178
50179
50180
50181
50182
50183
50185
50186
50189
50191
50830
50832
50834
50835
50836
50838
50839
50840
50841
50842
50843
50844
50845
50846
50847
50848
50849
50851
51143
51145
51147
51148
51149
51151
51152
51723
